752 480
-5.0 5.0
-3.0 3.0
2.0 3.6
0.005
2
0
683.7044415314717 0.0 358.0818941421198 0.0
0.0 681.6552476039036 218.8191816008914 0.0
0.0 0.0 1.0 0.0
100
1.5708 -1.5708 0

//original
683.7044415314717 0.0 358.0818941421198 0.0
0.0 681.6552476039036 218.8191816008914 0.0
0.0 0.0 1.0 0.0

//undistort_cut_black
657.0989379882812 0 357.2805024231784 0
0 669.449951171875 218.2066307981295 0
0 0 1 0

//undistort_with_black
648.8446044921875 0 357.7164157552761 0
0 646.746337890625 218.6513972608591 0
0 0 1 0